 The Generated Matrix A: 
           0           1           1           0           1           1           1
           1           1           1           0           1           1           0
           1           0           1           1           0           1           1
           0           1           0           1           1           1           1
           1           1           1           0           0           1           1
           1           1           0           1           1           0           1
           0           1           1           0           1           1           1
 The Generated Matrix B: 
           1           0           1           0           1           0           0
           1           0           0           0           0           0           0
           1           0           0           0           0           0           0
           0           0           0           0           0           0           0
           0           0           0           0           0           0           0
           0           0           0           0           0           0           0
           1           1           1           0           1           0           0
