          1.00000000         -0.00000000          0.00000000          0.00000000          0.00000000
          1.01000000          0.01577907         -0.03136234         -0.06254073         -0.09368369
          1.02000000          0.03139892         -0.06238514         -0.12422020         -0.18561770
          1.03000000          0.04685888         -0.09304449         -0.18481106         -0.27501676
          1.04000000          0.06215828         -0.12331695         -0.24409215         -0.36112502
          1.05000000          0.07729645         -0.15317957         -0.30184922         -0.44322217
          1.06000000          0.09227268         -0.18260987         -0.35787565         -0.52062932
          1.07000000          0.10708627         -0.21158587         -0.41197317         -0.59271443
          1.08000000          0.12173649         -0.24008614         -0.46395249         -0.65889730
          1.09000000          0.13622264         -0.26808976         -0.51363393         -0.71865408
          1.10000000          0.15054397         -0.29557637         -0.56084799         -0.77152129
          1.11000000          0.16469977         -0.32252615         -0.60543594         -0.81709927
          1.12000000          0.17868929         -0.34891987         -0.64725023         -0.85505503
          1.13000000          0.19251181         -0.37473889         -0.68615505         -0.88512457
          1.14000000          0.20616659         -0.39996515         -0.72202666         -0.90711459
          1.15000000          0.21965289         -0.42458123         -0.75475377         -0.92090351
          1.16000000          0.23296999         -0.44857029         -0.78423788         -0.92644194
          1.17000000          0.24611716         -0.47191615         -0.81039354         -0.92375252
          1.18000000          0.25909368         -0.49460326         -0.83314853         -0.91292913
          1.19000000          0.27189882         -0.51661672         -0.85244408         -0.89413550
          1.20000000          0.28453189         -0.53794229         -0.86823496         -0.86760324
          1.21000000          0.29699219         -0.55856640         -0.88048954         -0.83362931
          1.22000000          0.30927901         -0.57847615         -0.88918983         -0.79257291
          1.23000000          0.32139167         -0.59765933         -0.89433141         -0.74485192
          1.24000000          0.33332951         -0.61610442         -0.89592341         -0.69093884
          1.25000000          0.34509186         -0.63380058         -0.89398831         -0.63135626
          1.26000000          0.35667807         -0.65073769         -0.88856179         -0.56667197
          1.27000000          0.36808751         -0.66690633         -0.87969250         -0.49749371
          1.28000000          0.37931955         -0.68229778         -0.86744180         -0.42446363
          1.29000000          0.39037359         -0.69690405         -0.85188342         -0.34825245
          1.30000000          0.40124903         -0.71071788         -0.83310309         -0.26955344
          1.31000000          0.41194529         -0.72373269         -0.81119818         -0.18907630
          1.32000000          0.42246182         -0.73594265         -0.78627718         -0.10754082
          1.33000000          0.43279806         -0.74734267         -0.75845930         -0.02567066
          1.34000000          0.44295350         -0.75792835         -0.72787388          0.05581303
          1.35000000          0.45292762         -0.76769605         -0.69465989          0.13619778
          1.36000000          0.46271993         -0.77664282         -0.65896527          0.21478596
          1.37000000          0.47232996         -0.78476647         -0.62094642          0.29090068
          1.38000000          0.48175726         -0.79206552         -0.58076744          0.36389155
          1.39000000          0.49100140         -0.79853919         -0.53859954          0.43314012
          1.40000000          0.50006197         -0.80418746         -0.49462031          0.49806502
          1.41000000          0.50893858         -0.80901100         -0.44901304          0.55812677
          1.42000000          0.51763086         -0.81301119         -0.40196596          0.61283215
          1.43000000          0.52613846         -0.81619014         -0.35367149          0.66173820
          1.44000000          0.53446107         -0.81855063         -0.30432553          0.70445569
          1.45000000          0.54259837         -0.82009616         -0.25412667          0.74065215
          1.46000000          0.55055010         -0.82083092         -0.20327542          0.77005442
          1.47000000          0.55831600         -0.82075979         -0.15197344          0.79245057
          1.48000000          0.56589583         -0.81988830         -0.10042276          0.80769137
          1.49000000          0.57328939         -0.81822268         -0.04882507          0.81569117
          1.50000000          0.58049650         -0.81576981          0.00261914          0.81642822
          1.51000000          0.58751700         -0.81253721          0.05371124          0.80994447
          1.52000000          0.59435075         -0.80853308          0.10425526          0.79634475
          1.53000000          0.60099765         -0.80376621          0.15405860          0.77579551
          1.54000000          0.60745762         -0.79824603          0.20293271          0.74852291
          1.55000000          0.61373060         -0.79198261          0.25069385          0.71481052
          1.56000000          0.61981656         -0.78498657          0.29716369          0.67499649
          1.57000000          0.62571549         -0.77726915          0.34216999          0.62947022
          1.58000000          0.63142742         -0.76884218          0.38554722          0.57866869
          1.59000000          0.63695240         -0.75971802          0.42713714          0.52307232
          1.60000000          0.64229049         -0.74990960          0.46678936          0.46320053
          1.61000000          0.64744179         -0.73943039          0.50436185          0.39960698
          1.62000000          0.65240645         -0.72829438          0.53972148          0.33287452
          1.63000000          0.65718461         -0.71651606          0.57274443          0.26360993
          1.64000000          0.66177646         -0.70411042          0.60331663          0.19243848
          1.65000000          0.66618220         -0.69109295          0.63133410          0.11999835
          1.66000000          0.67040207         -0.67747957          0.65670338          0.04693502
          1.67000000          0.67443634         -0.66328666          0.67934170         -0.02610445
          1.68000000          0.67828530         -0.64853104          0.69917737         -0.09847706
          1.69000000          0.68194926         -0.63322994          0.71614986         -0.16954947
          1.70000000          0.68542859         -0.61740098          0.73021007         -0.23870347
          1.71000000          0.68872364         -0.60106218          0.74132042         -0.30534130
          1.72000000          0.69183483         -0.58423190          0.74945490         -0.36889074
          1.73000000          0.69476258         -0.56692885          0.75459915         -0.42880999
          1.74000000          0.69750736         -0.54917209          0.75675043         -0.48459223
          1.75000000          0.70006964         -0.53098097          0.75591755         -0.53576982
          1.76000000          0.70244995         -0.51237513          0.75212082         -0.58191821
          1.77000000          0.70464883         -0.49337449          0.74539186         -0.62265941
          1.78000000          0.70666684         -0.47399923          0.73577345         -0.65766498
          1.79000000          0.70850458         -0.45426975          0.72331930         -0.68665871
          1.80000000          0.71016268         -0.43420667          0.70809376         -0.70941869
          1.81000000          0.71164180         -0.41383082          0.69017157         -0.72577900
          1.82000000          0.71294260         -0.39316320          0.66963747         -0.73563081
          1.83000000          0.71406580         -0.37222495          0.64658582         -0.73892305
          1.84000000          0.71501214         -0.35103738          0.62112024         -0.73566256
          1.85000000          0.71578238         -0.32962190          0.59335312         -0.72591368
          1.86000000          0.71637730         -0.30800002          0.56340514         -0.70979742
          1.87000000          0.71679774         -0.28619334          0.53140480         -0.68749009
          1.88000000          0.71704452         -0.26422352          0.49748783         -0.65922143
          1.89000000          0.71711852         -0.24211226          0.46179671         -0.62527238
          1.90000000          0.71702065         -0.21988126          0.42448000         -0.58597230
          1.91000000          0.71675182         -0.19755225          0.38569181         -0.54169585
          1.92000000          0.71631299         -0.17514694          0.34559115         -0.49285949
          1.93000000          0.71570513         -0.15268699          0.30434126         -0.43991757
          1.94000000          0.71492926         -0.13019401          0.26210905         -0.38335822
          1.95000000          0.71398640         -0.10768954          0.21906434         -0.32369885
          1.96000000          0.71287761         -0.08519503          0.17537926         -0.26148148
          1.97000000          0.71160397         -0.06273179          0.13122755         -0.19726786
          1.98000000          0.71016660         -0.04032102          0.08678388         -0.13163446
          1.99000000          0.70856661         -0.01798379          0.04222318         -0.06516734
          2.00000000          0.70680518          0.00425905         -0.00228003          0.00154305
          2.01000000          0.70488349          0.02638679         -0.04655232          0.06790708
          2.02000000          0.70280275          0.04837894         -0.09042202          0.13334106
          2.03000000          0.70056419          0.07021524         -0.13371983          0.19727238
          2.04000000          0.69816907          0.09187566         -0.17627954          0.25914446
          2.05000000          0.69561867          0.11334043         -0.21793857          0.31842155
          2.06000000          0.69291430          0.13459006         -0.25853864          0.37459335
          2.07000000          0.69005730          0.15560533         -0.29792636          0.42717934
          2.08000000          0.68704900          0.17636735         -0.33595373          0.47573288
          2.09000000          0.68389080          0.19685753         -0.37247878          0.51984494
          2.10000000          0.68058408          0.21705764         -0.40736603          0.55914755
          2.11000000          0.67713029          0.23694977         -0.44048700          0.59331680
          2.12000000          0.67353085          0.25651643         -0.47172067          0.62207550
          2.13000000          0.66978723          0.27574045         -0.50095392          0.64519537
          2.14000000          0.66590094          0.29460511         -0.52808193          0.66249888
          2.15000000          0.66187347          0.31309405         -0.55300854          0.67386048
          2.16000000          0.65770637          0.33119139         -0.57564657          0.67920754
          2.17000000          0.65340118          0.34888163         -0.59591818          0.67852071
          2.18000000          0.64895948          0.36614975         -0.61375503          0.67183387
          2.19000000          0.64438286          0.38298119         -0.62909859          0.65923355
          2.20000000          0.63967294          0.39936185         -0.64190027          0.64085799
          2.21000000          0.63483136          0.41527812         -0.65212158          0.61689562
          2.22000000          0.62985977          0.43071687         -0.65973426          0.58758326
          2.23000000          0.62475984          0.44566549         -0.66472028          0.55320377
          2.24000000          0.61953327          0.46011189         -0.66707194          0.51408335
          2.25000000          0.61418176          0.47404447         -0.66679181          0.47058854
          2.26000000          0.60870705          0.48745218         -0.66389266          0.42312277
          2.27000000          0.60311089          0.50032452         -0.65839744          0.37212266
          2.28000000          0.59739504          0.51265152         -0.65033907          0.31805406
          2.29000000          0.59156128          0.52442376         -0.63976029          0.26140780
          2.30000000          0.58561140          0.53563239         -0.62671349          0.20269530
          2.31000000          0.57954724          0.54626913         -0.61126041          0.14244396
          2.32000000          0.57337061          0.55632626         -0.59347193          0.08119243
          2.33000000          0.56708338          0.56579664         -0.57342767          0.01948591
          2.34000000          0.56068738          0.57467371         -0.55121572         -0.04212878
          2.35000000          0.55418452          0.58295149         -0.52693223         -0.10310792
          2.36000000          0.54757668          0.59062461         -0.50068101         -0.16291572
          2.37000000          0.54086576          0.59768826         -0.47257310         -0.22102898
          2.38000000          0.53405369          0.60413824         -0.44272629         -0.27694163
          2.39000000          0.52714240          0.60997094         -0.41126466         -0.33016913
          2.40000000          0.52013384          0.61518336         -0.37831806         -0.38025261
          2.41000000          0.51302997          0.61977306         -0.34402161         -0.42676283
          2.42000000          0.50583276          0.62373823         -0.30851509         -0.46930385
          2.43000000          0.49854420          0.62707764         -0.27194244         -0.50751631
          2.44000000          0.49116628          0.62979067         -0.23445119         -0.54108051
          2.45000000          0.48370101          0.63187728         -0.19619181         -0.56971904
          2.46000000          0.47615041          0.63333801         -0.15731717         -0.59319903
          2.47000000          0.46851651          0.63417401         -0.11798192         -0.61133405
          2.48000000          0.46080134          0.63438701         -0.07834189         -0.62398555
          2.49000000          0.45300696          0.63397931         -0.03855345         -0.63106387
          2.50000000          0.44513542          0.63295380          0.00122704         -0.63252888
          2.51000000          0.43718879          0.63131394          0.04084391         -0.62839007
          2.52000000          0.42916914          0.62906374          0.08014272         -0.61870634
          2.53000000          0.42107855          0.62620780          0.11897088         -0.60358525
          2.54000000          0.41291911          0.62275125          0.15717824         -0.58318187
          2.55000000          0.40469293          0.61869979          0.19461767         -0.55769727
          2.56000000          0.39640210          0.61405963          0.23114559         -0.52737653
          2.57000000          0.38804873          0.60883755          0.26662254         -0.49250643
          2.58000000          0.37963494          0.60304083          0.30091370         -0.45341276
          2.59000000          0.37116286          0.59667728          0.33388938         -0.41045732
          2.60000000          0.36263460          0.58975521          0.36542555         -0.36403457
          2.61000000          0.35405229          0.58228343          0.39540424         -0.31456801
          2.62000000          0.34541808          0.57427123          0.42371402         -0.26250643
          2.63000000          0.33673410          0.56572839          0.45025040         -0.20831974
          2.64000000          0.32800249          0.55666515          0.47491618         -0.15249487
          2.65000000          0.31922539          0.54709221          0.49762185         -0.09553130
          2.66000000          0.31040496          0.53702072          0.51828587         -0.03793673
          2.67000000          0.30154334          0.52646224          0.53683499          0.01977750
          2.68000000          0.29264268          0.51542876          0.55320447          0.07710093
          2.69000000          0.28370514          0.50393270          0.56733831          0.13352842
          2.70000000          0.27473286          0.49198684          0.57918947          0.18856462
          2.71000000          0.26572800          0.47960435          0.58871998          0.24172829
          2.72000000          0.25669272          0.46679879          0.59590106          0.29255649
          2.73000000          0.24762915          0.45358405          0.60071322          0.34060859
          2.74000000          0.23853946          0.43997436          0.60314629          0.38547005
          2.75000000          0.22942580          0.42598428          0.60319941          0.42675603
          2.76000000          0.22029030          0.41162868          0.60088102          0.46411462
          2.77000000          0.21113513          0.39692274          0.59620882          0.49722985
          2.78000000          0.20196241          0.38188188          0.58920960          0.52582435
          2.79000000          0.19277429          0.36652183          0.57991915          0.54966162
          2.80000000          0.18357291          0.35085854          0.56838209          0.56854803
          2.81000000          0.17436039          0.33490819          0.55465167          0.58233431
          2.82000000          0.16513887          0.31868720          0.53878947          0.59091674
          2.83000000          0.15591046          0.30221218          0.52086524          0.59423793
          2.84000000          0.14667729          0.28549991          0.50095649          0.59228709
          2.85000000          0.13744147          0.26856737          0.47914824          0.58510004
          2.86000000          0.12820511          0.25143165          0.45553262          0.57275869
          2.87000000          0.11897029          0.23411001          0.43020851          0.55539016
          2.88000000          0.10973912          0.21661982          0.40328111          0.53316550
          2.89000000          0.10051368          0.19897854          0.37486153          0.50629806
          2.90000000          0.09129605          0.18120373          0.34506633          0.47504141
          2.91000000          0.08208830          0.16331301          0.31401704          0.43968702
          2.92000000          0.07289249          0.14532404          0.28183967          0.40056154
          2.93000000          0.06371066          0.12725454          0.24866422          0.35802378
          2.94000000          0.05454488          0.10912224          0.21462414          0.31246148
          2.95000000          0.04539716          0.09094485          0.17985582          0.26428773
          2.96000000          0.03626953          0.07274008          0.14449802          0.21393732
          2.97000000          0.02716400          0.05452562          0.10869134          0.16186277
          2.98000000          0.01808258          0.03631909          0.07257767          0.10853030
          2.99000000          0.00902725          0.01813806          0.03629963          0.05441568
          3.00000000          0.00000000          0.00000000          0.00000000          0.00000000
