              0.00000000                  1.00000000                  1.00000000                  1.00000000                  1.00000000                  0.00000000                  1.00000000                  1.00000000                  1.00000000                  1.00000000    
              0.33880000                  1.57526034                  0.40899742                  0.88012244                 -1.00052660                  0.33860000                  1.57381227                  0.41017578                  0.87945693                 -0.99854055    
              0.67760000                  0.27158330                  1.26314185                 -0.40433143                  1.00105348                  0.67720000                  0.27435966                  1.26125055                 -0.40218036                  0.99708323    
              1.01640000                  1.85695364                 -0.17256074                  0.52515076                 -1.00158063                  1.01580000                  1.85253321                 -0.16874518                  0.52223753                 -0.99562804    
              1.35520000                  0.27526710                  0.78796302                 -0.49488501                  1.00210806                  1.35440000                  0.28152763                  0.78375293                 -0.49089716                  0.99417497    
              1.69400000                  1.60925522                 -0.46048819                  0.50288013                 -1.00263577                  1.69300000                  1.60237488                 -0.45460573                  0.49793100                 -0.99272403    
              2.03280000                 -0.06893135                  0.63111249                 -0.50118626                  1.00316376                  2.03160000                 -0.05943245                  0.62445634                 -0.49523993                  0.99127520    
              2.37160000                  1.27112121                 -0.54395740                  0.50194620                 -1.00369202                  2.37020000                  1.26136182                 -0.53595282                  0.49501503                 -0.98982848    
              2.71040000                 -0.36153912                  0.58890744                 -0.50208491                  1.00422057                  2.70880000                 -0.34914862                  0.57990616                 -0.49416639                  0.98838388    
              3.04920000                  1.03779977                 -0.56648108                  0.50238112                 -1.00474939                  3.04740000                  1.02496098                 -0.55627741                  0.49347717                 -0.98694139    
              3.38800000                 -0.54259929                  0.57833729                 -0.50263762                  1.00527849                  3.38600000                 -0.52741839                  0.56705150                 -0.49274886                  0.98550100    
              3.72680000                  0.90326691                 -0.57277061                  0.50290435                 -1.00580787                  3.72460000                  0.88732994                 -0.56033606                  0.49203177                 -0.98406271    
              4.06560000                 -0.64331855                  0.57605368                 -0.50316866                  1.00633753                  4.06320000                 -0.62533699                  0.56250938                 -0.49131315                  0.98262652    
              4.40440000                  0.83107322                 -0.57484329                  0.50343376                 -1.00686746                  4.40180000                  0.81207799                 -0.56016918                  0.49059624                 -0.98119243    
              4.74320000                 -0.69702422                  0.57591449                 -0.50369883                  1.00739768                  4.74040000                 -0.67620688                  0.56012323                 -0.48988021                  0.97976043    
              5.08200000                  0.79370136                 -0.57582764                  0.50396409                 -1.00792818                  5.07900000                  0.77169305                 -0.55891390                  0.48916526                 -0.97833052    
              5.42080000                 -0.72524718                  0.57632892                 -0.50422947                  1.00845895                  5.41760000                 -0.70156378                  0.55829720                 -0.48845135                  0.97690269    
              5.75960000                  0.77483036                 -0.57653188                  0.50449500                 -1.00899000                  5.75620000                  0.74984481                 -0.55738133                  0.48773848                 -0.97547696    
              6.09840000                 -0.74011489                  0.57688651                 -0.50476067                  1.00952134                  6.09480000                 -0.71354575                  0.55661919                 -0.48702665                  0.97405330    
              6.43720000                  0.76556563                 -0.57716439                  0.50502648                 -1.01005295                  6.43340000                  0.73762842                 -0.55578077                  0.48631586                 -0.97263172    
              6.77600000                 -0.74809395                  0.57748148                 -0.50529242                  1.01058484                  6.77200000                 -0.71862845                  0.55498287                 -0.48560611                  0.97121221    
              7.11480000                  0.76123389                 -0.57777891                  0.50555851                 -1.01111702                  7.11060000                  0.73036289                 -0.55416618                  0.48489739                 -0.96979478    
              7.45360000                 -0.75254763                  0.57808655                 -0.50582474                  1.01164947                  7.44920000                 -0.72018145                  0.55336082                 -0.48418971                  0.96837941    
              7.79240000                  0.75942165                 -0.57838925                  0.50609110                 -1.01218220                  7.78780000                  0.72562966                 -0.55255148                  0.48348306                 -0.96696611    
              8.13120000                 -0.75520436                  0.57869470                 -0.50635761                  1.01271522                  8.12640000                 -0.71993715                  0.55174594                 -0.48277744                  0.96555488    
              8.47000000                  0.75889288                 -0.57899900                  0.50662426                 -1.01324851                  8.46500000                  0.72218954                 -0.55094025                  0.48207285                 -0.96414570    
              8.80880000                 -0.75694714                  0.57930413                 -0.50689105                  1.01378209                  8.80360000                 -0.71878095                  0.55013641                 -0.48136929                  0.96273858    
              9.14760000                  0.75901724                 -0.57960907                  0.50715797                 -1.01431595                  9.14220000                  0.71941033                 -0.54933340                  0.48066676                 -0.96133351    
              9.48640000                 -0.75822573                  0.57991435                 -0.50742504                  1.01485009                  9.48080000                 -0.71716402                  0.54853173                 -0.47996525                  0.95993049    
              9.82520000                  0.75947393                 -0.58021971                  0.50769225                 -1.01538451                  9.81940000                  0.71697011                 -0.54773115                  0.47926476                 -0.95852953    
             10.16400000                 -0.75926890                  0.58052527                 -0.50795960                  1.01591921                 10.15800000                 -0.71531590                  0.54693178                 -0.47856530                  0.95713060    
             10.50280000                  0.76009985                 -0.58083096                  0.50822709                 -1.01645419                 10.49660000                  0.71470518                 -0.54613355                  0.47786686                 -0.95573372    
             10.84160000                 -0.76019289                  0.58113683                 -0.50849473                  1.01698945                 10.83520000                 -0.71335330                  0.54533650                 -0.47716944                  0.95433888    
             11.18040000                  0.76081214                 -0.58144286                  0.50876250                 -1.01752500                 11.17380000                  0.71253231                 -0.54454061                  0.47647303                 -0.95294607    
             11.51920000                 -0.76105677                  0.58174904                 -0.50903041                  1.01806083                 11.51240000                 -0.71133552                  0.54374588                 -0.47577765                  0.95155529    
             11.85800000                  0.76156872                 -0.58205539                  0.50929847                 -1.01859694                 11.85100000                  0.71040918                 -0.54295231                  0.47508327                 -0.95016655    
             12.19680000                 -0.76189053                  0.58236190                 -0.50956666                  1.01913333                 12.18960000                 -0.70929267                  0.54215990                 -0.47438991                  0.94877983    
             12.53560000                  0.76234820                 -0.58266857                  0.50983500                 -1.01967000                 12.52820000                  0.70831431                 -0.54136865                  0.47369757                 -0.94739513    
             12.87440000                 -0.76270942                  0.58297541                 -0.51010348                  1.02020696                 12.86680000                 -0.70724007                  0.54057855                 -0.47300623                  0.94601246    
             13.21320000                  0.76313974                 -0.58328240                  0.51037210                 -1.02074420                 13.20540000                  0.70623675                 -0.53978960                  0.47231590                 -0.94463180    
             13.55200000                 -0.76352117                  0.58358956                 -0.51064086                  1.02128173                 13.54400000                 -0.70518546                  0.53900181                 -0.47162658                  0.94325316    
             13.89080000                  0.76393780                 -0.58389688                  0.51090977                 -1.02181953                 13.88260000                  0.70417094                 -0.53821516                  0.47093827                 -0.94187653    
             14.22960000                 -0.76432972                  0.58420436                 -0.51117881                  1.02235762                 14.22120000                 -0.70313279                  0.53742966                 -0.47025096                  0.94050191    
             14.56840000                  0.76473961                 -0.58451200                  0.51144800                 -1.02289599                 14.55980000                  0.70211405                 -0.53664531                  0.46956465                 -0.93912930    
             14.90720000                 -0.76513705                  0.58481980                 -0.51171733                  1.02343465                 14.89840000                 -0.70108405                  0.53586211                 -0.46887934                  0.93775869    
             15.24600000                  0.76554372                 -0.58512777                  0.51198680                 -1.02397359                 15.23700000                  0.70006463                 -0.53508004                  0.46819504                 -0.93639008    
             15.58480000                 -0.76594418                  0.58543589                 -0.51225641                  1.02451282                 15.57560000                 -0.69904023                  0.53429912                 -0.46751173                  0.93502346    
             15.92360000                  0.76634943                 -0.58574418                  0.51252616                 -1.02505232                 15.91420000                  0.69802194                 -0.53351934                  0.46682942                 -0.93365885    
             16.26240000                 -0.76675164                  0.58605264                 -0.51279606                  1.02559212                 16.25280000                 -0.69700184                  0.53274070                 -0.46614811                  0.93229622    
             16.60120000                  0.76715637                 -0.58636125                  0.51306610                 -1.02613219                 16.59140000                  0.69598558                 -0.53196319                  0.46546779                 -0.93093558    
             16.94000000                 -0.76755967                  0.58667003                 -0.51333628                  1.02667255                 16.93000000                 -0.69496913                  0.53118682                 -0.46478846                  0.92957693    
             17.27880000                  0.76796436                 -0.58697897                  0.51360660                 -1.02721320                 17.26860000                  0.69395535                 -0.53041158                  0.46411013                 -0.92822026    
             17.61760000                 -0.76836842                  0.58728807                 -0.51387706                  1.02775413                 17.60720000                 -0.69294221                  0.52963747                 -0.46343279                  0.92686557    
             17.95640000                  0.76877329                 -0.58759734                  0.51414767                 -1.02829534                 17.94580000                  0.69193115                 -0.52886449                  0.46275643                 -0.92551286    
             18.29520000                 -0.76917795                  0.58790677                 -0.51441842                  1.02883684                 18.28440000                 -0.69092113                  0.52809264                 -0.46208106                  0.92416212    
             18.63400000                  0.76958312                 -0.58821636                  0.51468931                 -1.02937863                 18.62300000                  0.68991289                 -0.52732192                  0.46140668                 -0.92281335    
             18.97280000                 -0.76998829                  0.58852611                 -0.51496035                  1.02992070                 18.96160000                 -0.68890591                  0.52655232                 -0.46073328                  0.92146655    
             19.31160000                  0.77039383                 -0.58883603                  0.51523153                 -1.03046305                 19.30020000                  0.68790055                 -0.52578384                  0.46006086                 -0.92012172    
             19.65040000                 -0.77079948                  0.58914611                 -0.51550285                  1.03100569                 19.63880000                 -0.68689655                  0.52501649                 -0.45938943                  0.91877885    
             19.98920000                  0.77120541                 -0.58945635                  0.51577431                 -1.03154862                 19.97740000                  0.68589409                 -0.52425025                  0.45871897                 -0.91743794    
             20.32800000                 -0.77161150                  0.58976676                 -0.51604592                  1.03209183                 20.31600000                 -0.68489304                  0.52348514                 -0.45804949                  0.91609899    
             20.66680000                  0.77201785                 -0.59007733                  0.51631767                 -1.03263533                 20.65460000                  0.68389349                 -0.52272114                  0.45738099                 -0.91476199    
             21.00560000                 -0.77242438                  0.59038807                 -0.51658956                  1.03317912                 20.99320000                 -0.68289538                  0.52195825                 -0.45671347                  0.91342694    
             21.34440000                  0.77283115                 -0.59069897                  0.51686159                 -1.03372319                 21.33180000                  0.68189873                 -0.52119648                  0.45604692                 -0.91209384    
             21.68320000                 -0.77323812                  0.59101003                 -0.51713377                  1.03426755                 21.67040000                 -0.68090353                  0.52043582                 -0.45538134                  0.91076269    
             22.02200000                  0.77364531                 -0.59132125                  0.51740610                 -1.03481219                 22.00900000                  0.67990979                 -0.51967627                  0.45471674                 -0.90943348    
             22.36080000                 -0.77405271                  0.59163264                 -0.51767856                  1.03535712                 22.34760000                 -0.67891750                  0.51891783                 -0.45405310                  0.90810621    
             22.69960000                  0.77446032                 -0.59194420                  0.51795117                 -1.03590234                 22.68620000                  0.67792665                 -0.51816050                  0.45339044                 -0.90678087    
             23.03840000                 -0.77486815                  0.59225591                 -0.51822392                  1.03644785                 23.02480000                 -0.67693725                  0.51740427                 -0.45272874                  0.90545747    
             23.37720000                  0.77527620                 -0.59256779                  0.51849682                 -1.03699364                 23.36340000                  0.67594930                 -0.51664915                  0.45206800                 -0.90413600    
             23.71600000                 -0.77568446                  0.59287984                 -0.51876986                  1.03753972                 23.70200000                 -0.67496279                  0.51589512                 -0.45140823                  0.90281647    
             24.05480000                  0.77609293                 -0.59319205                  0.51904304                 -1.03808609                 24.04060000                  0.67397771                 -0.51514220                  0.45074943                 -0.90149885    
             24.39360000                 -0.77650162                  0.59350442                 -0.51931637                  1.03863274                 24.37920000                 -0.67299408                  0.51439038                 -0.45009158                  0.90018316    
             24.73240000                  0.77691053                 -0.59381696                  0.51958984                 -1.03917969                 24.71780000                  0.67201188                 -0.51363965                  0.44943469                 -0.89886939    
             25.07120000                 -0.77731965                  0.59412967                 -0.51986346                  1.03972692                 25.05640000                 -0.67103111                  0.51289002                 -0.44877877                  0.89755754    
             25.41000000                  0.77772898                 -0.59444254                  0.52013722                 -1.04027444                 25.39500000                  0.67005178                 -0.51214148                  0.44812380                 -0.89624760    
             25.74880000                 -0.77813854                  0.59475557                 -0.52041112                  1.04082225                 25.73360000                 -0.66907387                  0.51139404                 -0.44746979                  0.89493957    
             26.08760000                  0.77854830                 -0.59506877                  0.52068517                 -1.04137034                 26.07220000                  0.66809739                 -0.51064769                  0.44681673                 -0.89363345    
             26.42640000                 -0.77895829                  0.59538213                 -0.52095936                  1.04191873                 26.41080000                 -0.66712234                  0.50990242                 -0.44616462                  0.89232924    
             26.76520000                  0.77936849                 -0.59569566                  0.52123370                 -1.04246740                 26.74940000                  0.66614871                 -0.50915825                  0.44551347                 -0.89102693    
             27.10400000                 -0.77977890                  0.59600935                 -0.52150818                  1.04301636                 27.08800000                 -0.66517650                  0.50841516                 -0.44486326                  0.88972653    
             27.44280000                  0.78018953                 -0.59632321                  0.52178281                 -1.04356562                 27.42660000                  0.66420571                 -0.50767315                  0.44421401                 -0.88842802    
             27.78160000                 -0.78060038                  0.59663723                 -0.52205758                  1.04411516                 27.76520000                 -0.66323633                  0.50693223                 -0.44356570                  0.88713140    
             28.12040000                  0.78101144                 -0.59695142                  0.52233249                 -1.04466499                 28.10380000                  0.66226837                 -0.50619239                  0.44291834                 -0.88583668    
             28.45920000                 -0.78142272                  0.59726578                 -0.52260755                  1.04521511                 28.44240000                 -0.66130183                  0.50545363                 -0.44227192                  0.88454385    
             28.79800000                  0.78183422                 -0.59758030                  0.52288276                 -1.04576552                 28.78100000                  0.66033669                 -0.50471594                  0.44162645                 -0.88325290    
             29.13680000                 -0.78224593                  0.59789498                 -0.52315811                  1.04631622                 29.11960000                 -0.65937296                  0.50397934                 -0.44098192                  0.88196384    
             29.47560000                  0.78265786                 -0.59820983                  0.52343360                 -1.04686721                 29.45820000                  0.65841064                 -0.50324380                  0.44033833                 -0.88067666    
             29.81440000                 -0.78307001                  0.59852485                 -0.52370924                  1.04741849                 29.79680000                 -0.65744973                  0.50250935                 -0.43969568                  0.87939136    
             30.15320000                  0.78348237                 -0.59884003                  0.52398503                 -1.04797006                 30.13540000                  0.65649021                 -0.50177596                  0.43905396                 -0.87810793    
             30.49200000                 -0.78389496                  0.59915538                 -0.52426096                  1.04852192                 30.47400000                 -0.65553210                  0.50104364                 -0.43841319                  0.87682638    
             30.83080000                  0.78430775                 -0.59947090                  0.52453703                 -1.04907407                 30.81260000                  0.65457539                 -0.50031240                  0.43777335                 -0.87554669    
             31.16960000                 -0.78472077                  0.59978658                 -0.52481325                  1.04962651                 31.15120000                 -0.65362007                  0.49958222                 -0.43713444                  0.87426888    
             31.50840000                  0.78513400                 -0.60010242                  0.52508962                 -1.05017924                 31.48980000                  0.65266614                 -0.49885310                  0.43649646                 -0.87299293    
             31.84720000                 -0.78554746                  0.60041844                 -0.52536613                  1.05073227                 31.82840000                 -0.65171361                  0.49812505                 -0.43585942                  0.87171884    
             32.18600000                  0.78596112                 -0.60073462                  0.52564279                 -1.05128558                 32.16700000                  0.65076247                 -0.49739806                  0.43522331                 -0.87044661    
             32.52480000                 -0.78637501                  0.60105096                 -0.52591959                  1.05183919                 32.50560000                 -0.64981271                  0.49667214                 -0.43458812                  0.86917624    
             32.86360000                  0.78678912                 -0.60136748                  0.52619654                 -1.05239308                 32.84420000                  0.64886434                 -0.49594727                  0.43395386                 -0.86790772    
             33.20240000                 -0.78720344                  0.60168416                 -0.52647364                  1.05294727                 33.18280000                 -0.64791736                  0.49522346                 -0.43332053                  0.86664106    
             33.54120000                  0.78761798                 -0.60200100                  0.52675088                 -1.05350176                 33.52140000                  0.64697176                 -0.49450071                  0.43268812                 -0.86537624    
             33.88000000                 -0.78803274                  0.60231802                 -0.52702826                  1.05405653                 33.86000000                 -0.64602754                  0.49377901                 -0.43205663                  0.86411327    
             34.21880000                  0.78844772                 -0.60263520                  0.52730580                 -1.05461159                 34.19860000                  0.64508469                 -0.49305836                  0.43142607                 -0.86285214    
             34.55760000                 -0.78886291                  0.60295254                 -0.52758348                  1.05516695                 34.53720000                 -0.64414323                  0.49233877                 -0.43079643                  0.86159285    
             34.89640000                  0.78927833                 -0.60327006                  0.52786130                 -1.05572260                 34.87580000                  0.64320313                 -0.49162023                  0.43016770                 -0.86033540    
             35.23520000                 -0.78969396                  0.60358774                 -0.52813927                  1.05627855                 35.21440000                 -0.64226441                  0.49090273                 -0.42953989                  0.85907978    
             35.57400000                  0.79010981                 -0.60390559                  0.52841739                 -1.05683478                 35.55300000                  0.64132706                 -0.49018629                  0.42891300                 -0.85782600    
             35.91280000                 -0.79052588                  0.60422361                 -0.52869565                  1.05739131                 35.89160000                 -0.64039108                  0.48947089                 -0.42828702                  0.85657405    
             36.25160000                  0.79094217                 -0.60454179                  0.52897407                 -1.05794813                 36.23020000                  0.63945646                 -0.48875653                  0.42766196                 -0.85532392    
             36.59040000                 -0.79135868                  0.60486014                 -0.52925262                  1.05850525                 36.56880000                 -0.63852320                  0.48804321                 -0.42703781                  0.85407562    
             36.92920000                  0.79177541                 -0.60517866                  0.52953133                 -1.05906265                 36.90740000                  0.63759131                 -0.48733094                  0.42641457                 -0.85282914    
             37.26800000                 -0.79219236                  0.60549735                 -0.52981018                  1.05962036                 37.24600000                 -0.63666078                  0.48661971                 -0.42579224                  0.85158448    
             37.60680000                  0.79260953                 -0.60581620                  0.53008918                 -1.06017835                 37.58460000                  0.63573161                 -0.48590951                  0.42517082                 -0.85034164    
             37.94560000                 -0.79302692                  0.60613522                 -0.53036832                  1.06073664                 37.92320000                 -0.63480379                  0.48520035                 -0.42455031                  0.84910061    
             38.28440000                  0.79344453                 -0.60645441                  0.53064761                 -1.06129522                 38.26180000                  0.63387733                 -0.48449222                  0.42393070                 -0.84786139    
             38.62320000                 -0.79386235                  0.60677377                 -0.53092705                  1.06185410                 38.60040000                 -0.63295222                  0.48378513                 -0.42331199                  0.84662398    
             38.96200000                  0.79428040                 -0.60709330                  0.53120664                 -1.06241327                 38.93900000                  0.63202846                 -0.48307907                  0.42269419                 -0.84538838    
             39.30080000                 -0.79469867                  0.60741299                 -0.53148637                  1.06297274                 39.27760000                 -0.63110604                  0.48237405                 -0.42207729                  0.84415458    
             39.63960000                  0.79511716                 -0.60773286                  0.53176625                 -1.06353250                 39.61620000                  0.63018498                 -0.48167005                  0.42146129                 -0.84292258    
             39.97840000                 -0.79553586                  0.60805289                 -0.53204628                  1.06409256                 39.95480000                 -0.62926525                  0.48096707                 -0.42084619                  0.84169238    
             40.31720000                  0.79595479                 -0.60837309                  0.53232645                 -1.06465291                 40.29340000                  0.62834687                 -0.48026513                  0.42023199                 -0.84046397    
             40.65600000                 -0.79637394                  0.60869346                 -0.53260678                  1.06521355                 40.63200000                 -0.62742983                  0.47956420                 -0.41961868                  0.83923736    
             40.99480000                  0.79679331                 -0.60901400                  0.53288725                 -1.06577449                 40.97060000                  0.62651413                 -0.47886430                  0.41900627                 -0.83801253    
             41.33360000                 -0.79721290                  0.60933470                 -0.53316786                  1.06633573                 41.30920000                 -0.62559977                  0.47816543                 -0.41839475                  0.83678950    
             41.67240000                  0.79763271                 -0.60965558                  0.53344863                 -1.06689726                 41.64780000                  0.62468674                 -0.47746757                  0.41778412                 -0.83556825    
             42.01120000                 -0.79805275                  0.60997662                 -0.53372954                  1.06745909                 41.98640000                 -0.62377504                  0.47677073                 -0.41717439                  0.83434878    
             42.35000000                  0.79847300                 -0.61029784                  0.53401061                 -1.06802121                 42.32500000                  0.62286467                 -0.47607491                  0.41656554                 -0.83313109    
             42.68880000                 -0.79889348                  0.61061922                 -0.53429182                  1.06858363                 42.66360000                 -0.62195563                  0.47538010                 -0.41595759                  0.83191518    
             43.02760000                  0.79931417                 -0.61094077                  0.53457317                 -1.06914635                 43.00220000                  0.62104792                 -0.47468631                  0.41535052                 -0.83070104    
             43.36640000                 -0.79973509                  0.61126249                 -0.53485468                  1.06970936                 43.34080000                 -0.62014153                  0.47399353                 -0.41474434                  0.82948868    
             43.70520000                  0.80015623                 -0.61158438                  0.53513633                 -1.07027267                 43.67940000                  0.61923647                 -0.47330176                  0.41413904                 -0.82827808    
             44.04400000                 -0.80057759                  0.61190644                 -0.53541814                  1.07083627                 44.01800000                 -0.61833273                  0.47261100                 -0.41353463                  0.82706925    
             44.38280000                  0.80099918                 -0.61222867                  0.53570009                 -1.07140017                 44.35660000                  0.61743030                 -0.47192125                  0.41293109                 -0.82586219    
             44.72160000                 -0.80142098                  0.61255107                 -0.53598219                  1.07196437                 44.69520000                 -0.61652919                  0.47123250                 -0.41232844                  0.82465688    
             45.06040000                  0.80184301                 -0.61287364                  0.53626443                 -1.07252887                 45.03380000                  0.61562940                 -0.47054477                  0.41172667                 -0.82345334    
             45.39920000                 -0.80226526                  0.61319638                 -0.53654683                  1.07309366                 45.37240000                 -0.61473092                  0.46985803                 -0.41112578                  0.82225155    
             45.73800000                  0.80268773                 -0.61351929                  0.53682938                 -1.07365875                 45.71100000                  0.61383375                 -0.46917230                  0.41052576                 -0.82105152    
             46.07680000                 -0.80311043                  0.61384237                 -0.53711207                  1.07422414                 46.04960000                 -0.61293790                  0.46848756                 -0.40992662                  0.81985324    
             46.41560000                  0.80353335                 -0.61416561                  0.53739491                 -1.07478983                 46.38820000                  0.61204334                 -0.46780383                  0.40932835                 -0.81865670    
             46.75440000                 -0.80395649                  0.61448903                 -0.53767790                  1.07535581                 46.72680000                 -0.61115010                  0.46712109                 -0.40873096                  0.81746192    
             47.09320000                  0.80437985                 -0.61481262                  0.53796105                 -1.07592209                 47.06540000                  0.61025816                 -0.46643936                  0.40813444                 -0.81626887    
             47.43200000                 -0.80480344                  0.61513638                 -0.53824434                  1.07648867                 47.40400000                 -0.60936752                  0.46575861                 -0.40753878                  0.81507757    
             47.77080000                  0.80522724                 -0.61546031                  0.53852777                 -1.07705555                 47.74260000                  0.60847818                 -0.46507886                  0.40694400                 -0.81388801    
             48.10960000                 -0.80565128                  0.61578442                 -0.53881136                  1.07762273                 48.08120000                 -0.60759013                  0.46440010                 -0.40635009                  0.81270018    
             48.44840000                  0.80607553                 -0.61610869                  0.53909510                 -1.07819020                 48.41980000                  0.60670339                 -0.46372233                  0.40575704                 -0.81151409    
             48.78720000                 -0.80650001                  0.61643313                 -0.53937899                  1.07875798                 48.75840000                 -0.60581794                  0.46304556                 -0.40516486                  0.81032972    
             49.12600000                  0.80692471                 -0.61675774                  0.53966302                 -1.07932605                 49.09700000                  0.60493378                 -0.46236976                  0.40457354                 -0.80914709    
             49.46480000                 -0.80734964                  0.61708253                 -0.53994721                  1.07989442                 49.43560000                 -0.60405091                  0.46169496                 -0.40398309                  0.80796618    
             49.80360000                  0.80777479                 -0.61740748                  0.54023155                 -1.08046309                 49.77420000                  0.60316932                 -0.46102114                  0.40339350                 -0.80678700    
             50.14240000                 -0.80820016                  0.61773261                 -0.54051603                  1.08103207                 50.11280000                 -0.60228903                  0.46034830                 -0.40280477                  0.80560953    
             50.48120000                  0.80862576                 -0.61805791                  0.54080067                 -1.08160134                 50.45140000                  0.60141002                 -0.45967645                  0.40221689                 -0.80443379    
             50.82000000                 -0.80905158                  0.61838338                 -0.54108545                  1.08217091                 50.79000000                 -0.60053229                  0.45900558                 -0.40162988                  0.80325976    
             51.15880000                  0.80947763                 -0.61870902                  0.54137039                 -1.08274078                 51.12860000                  0.59965585                 -0.45833568                  0.40104372                 -0.80208744    
             51.49760000                 -0.80990390                  0.61903483                 -0.54165547                  1.08331095                 51.46720000                 -0.59878068                  0.45766676                 -0.40045842                  0.80091684    
             51.83640000                  0.81033039                 -0.61936081                  0.54194071                 -1.08388142                 51.80580000                  0.59790679                 -0.45699882                  0.39987397                 -0.79974794    
             52.17520000                 -0.81075711                  0.61968697                 -0.54222610                  1.08445219                 52.14440000                 -0.59703418                  0.45633186                 -0.39929037                  0.79858075    
             52.51400000                  0.81118406                 -0.62001329                  0.54251163                 -1.08502326                 52.48300000                  0.59616284                 -0.45566586                  0.39870763                 -0.79741526    
             52.85280000                 -0.81161123                  0.62033979                 -0.54279732                  1.08559463                 52.82160000                 -0.59529277                  0.45500084                 -0.39812574                  0.79625147    
             53.19160000                  0.81203862                 -0.62066646                  0.54308315                 -1.08616631                 53.16020000                  0.59442397                 -0.45433679                  0.39754469                 -0.79508939    
             53.53040000                 -0.81246624                  0.62099330                 -0.54336914                  1.08673828                 53.49880000                 -0.59355644                  0.45367371                 -0.39696450                  0.79392900    
             53.86920000                  0.81289408                 -0.62132032                  0.54365528                 -1.08731056                 53.83740000                  0.59269017                 -0.45301160                  0.39638515                 -0.79277030    
             54.20800000                 -0.81332215                  0.62164751                 -0.54394157                  1.08788314                 54.17600000                 -0.59182517                  0.45235045                 -0.39580664                  0.79161329    
             54.54680000                  0.81375045                 -0.62197487                  0.54422801                 -1.08845601                 54.51460000                  0.59096144                 -0.45169027                  0.39522899                 -0.79045797    
             54.88560000                 -0.81417897                  0.62230240                 -0.54451460                  1.08902919                 54.85320000                 -0.59009896                  0.45103105                 -0.39465217                  0.78930434    
             55.22440000                  0.81460772                 -0.62263010                  0.54480134                 -1.08960268                 55.19180000                  0.58923774                 -0.45037279                  0.39407619                 -0.78815239    
             55.56320000                 -0.81503669                  0.62295798                 -0.54508823                  1.09017646                 55.53040000                 -0.58837778                  0.44971550                 -0.39350106                  0.78700212    
             55.90200000                  0.81546589                 -0.62328603                  0.54537527                 -1.09075055                 55.86900000                  0.58751907                 -0.44905916                  0.39292677                 -0.78585353    
             56.24080000                 -0.81589531                  0.62361425                 -0.54566247                  1.09132494                 56.20760000                 -0.58666162                  0.44840378                 -0.39235331                  0.78470662    
             56.57960000                  0.81632496                 -0.62394264                  0.54594981                 -1.09189963                 56.54620000                  0.58580541                 -0.44774936                  0.39178069                 -0.78356138    
             56.91840000                 -0.81675484                  0.62427121                 -0.54623731                  1.09247462                 56.88480000                 -0.58495046                  0.44709589                 -0.39120891                  0.78241781    
             57.25720000                  0.81718494                 -0.62459995                  0.54652496                 -1.09304992                 57.22340000                  0.58409676                 -0.44644338                  0.39063796                 -0.78127592    
             57.59600000                 -0.81761527                  0.62492887                 -0.54681276                  1.09362552                 57.56200000                 -0.58324430                  0.44579182                 -0.39006784                  0.78013568    
             57.93480000                  0.81804582                 -0.62525795                  0.54710071                 -1.09420142                 57.90060000                  0.58239308                 -0.44514121                  0.38949856                 -0.77899712    
             58.27360000                 -0.81847661                  0.62558721                 -0.54738881                  1.09477762                 58.23920000                 -0.58154311                  0.44449155                 -0.38893011                  0.77786021    
             58.61240000                  0.81890761                 -0.62591665                  0.54767707                 -1.09535413                 58.57780000                  0.58069438                 -0.44384284                  0.38836248                 -0.77672496    
             58.95120000                 -0.81933885                  0.62624626                 -0.54796547                  1.09593095                 58.91640000                 -0.57984688                  0.44319507                 -0.38779569                  0.77559137    
             59.29000000                  0.81977031                 -0.62657604                  0.54825403                 -1.09650806                 59.25500000                  0.57900063                 -0.44254825                  0.38722972                 -0.77445944    
             59.62880000                 -0.82020200                  0.62690599                 -0.54854274                  1.09708548                 59.59360000                 -0.57815561                  0.44190237                 -0.38666458                  0.77332916    
             59.96760000                  0.82063392                 -0.62723612                  0.54883160                 -1.09766321                 59.93220000                  0.57731182                 -0.44125744                  0.38610026                 -0.77220052    
             60.30640000                 -0.82106607                  0.62756642                 -0.54912062                  1.09824124                 60.27080000                 -0.57646926                  0.44061345                 -0.38553677                  0.77107354    
             60.64520000                  0.82149844                 -0.62789690                  0.54940979                 -1.09881957                 60.60940000                  0.57562794                 -0.43997040                  0.38497410                 -0.76994819    
             60.98400000                 -0.82193104                  0.62822755                 -0.54969910                  1.09939821                 60.94800000                 -0.57478784                  0.43932828                 -0.38441225                  0.76882449    
             61.32280000                  0.82236387                 -0.62855837                  0.54998858                 -1.09997715                 61.28660000                  0.57394896                 -0.43868711                  0.38385122                 -0.76770243    
             61.66160000                 -0.82279693                  0.62888937                 -0.55027820                  1.10055640                 61.62520000                 -0.57311131                  0.43804686                 -0.38329101                  0.76658201    
             62.00040000                  0.82323021                 -0.62922054                  0.55056798                 -1.10113595                 61.96380000                  0.57227489                 -0.43740756                  0.38273161                 -0.76546323    
             62.33920000                 -0.82366372                  0.62955189                 -0.55085790                  1.10171581                 62.30240000                 -0.57143968                  0.43676918                 -0.38217304                  0.76434607    
             62.67800000                  0.82409746                 -0.62988341                  0.55114799                 -1.10229597                 62.64100000                  0.57060570                 -0.43613174                  0.38161527                 -0.76323055    
             63.01680000                 -0.82453143                  0.63021511                 -0.55143822                  1.10287644                 62.97960000                 -0.56977293                  0.43549523                 -0.38105833                  0.76211665    
             63.35560000                  0.82496563                 -0.63054698                  0.55172861                 -1.10345721                 63.31820000                  0.56894137                 -0.43485965                  0.38050219                 -0.76100438    
             63.69440000                 -0.82540006                  0.63087902                 -0.55201915                  1.10403829                 63.65680000                 -0.56811103                  0.43422499                 -0.37994687                  0.75989374    
             64.03320000                  0.82583471                 -0.63121125                  0.55230984                 -1.10461968                 63.99540000                  0.56728190                 -0.43359126                  0.37939236                 -0.75878471    
             64.37200000                 -0.82626960                  0.63154364                 -0.55260069                  1.10520137                 64.33400000                 -0.56645398                  0.43295846                 -0.37883865                  0.75767730    
             64.71080000                  0.82670471                 -0.63187621                  0.55289168                 -1.10578337                 64.67260000                  0.56562727                 -0.43232658                  0.37828576                 -0.75657151    
             65.04960000                 -0.82714005                  0.63220896                 -0.55318284                  1.10636567                 65.01120000                 -0.56480177                  0.43169562                 -0.37773367                  0.75546734    
             65.38840000                  0.82757562                 -0.63254188                  0.55347414                 -1.10694829                 65.34980000                  0.56397747                 -0.43106558                  0.37718239                 -0.75436477    
             65.72720000                 -0.82801142                  0.63287497                 -0.55376560                  1.10753120                 65.68840000                 -0.56315438                  0.43043647                 -0.37663191                  0.75326381    
             66.06600000                  0.82844745                 -0.63320825                  0.55405721                 -1.10811443                 66.02700000                  0.56233248                 -0.42980827                  0.37608223                 -0.75216447    
             66.40480000                 -0.82888371                  0.63354169                 -0.55434898                  1.10869796                 66.36560000                 -0.56151179                  0.42918098                 -0.37553336                  0.75106672    
             66.74360000                  0.82932020                 -0.63387532                  0.55464090                 -1.10928180                 66.70420000                  0.56069229                 -0.42855462                  0.37498529                 -0.74997058    
             67.08240000                 -0.82975692                  0.63420911                 -0.55493297                  1.10986595                 67.04280000                 -0.55987399                  0.42792916                 -0.37443802                  0.74887603    
             67.42120000                  0.83019387                 -0.63454309                  0.55522520                 -1.11045040                 67.38140000                  0.55905688                 -0.42730462                  0.37389154                 -0.74778309    
             67.76000000                 -0.83063105                  0.63487724                 -0.55551758                  1.11103517                 67.72000000                 -0.55824097                  0.42668099                 -0.37334587                  0.74669174    
             68.09880000                  0.83106846                 -0.63521156                  0.55581012                 -1.11162024                 68.05860000                  0.55742624                 -0.42605827                  0.37280099                 -0.74560198    
             68.43760000                 -0.83150610                  0.63554607                 -0.55610281                  1.11220562                 68.39720000                 -0.55661271                  0.42543646                 -0.37225691                  0.74451381    
             68.77640000                  0.83194397                 -0.63588074                  0.55639565                 -1.11279130                 68.73580000                  0.55580036                 -0.42481556                  0.37171362                 -0.74342723    
             69.11520000                 -0.83238207                  0.63621560                 -0.55668865                  1.11337730                 69.07440000                 -0.55498920                  0.42419557                 -0.37117112                  0.74234224    
             69.45400000                  0.83282041                 -0.63655063                  0.55698180                 -1.11396360                 69.41300000                  0.55417922                 -0.42357647                  0.37062941                 -0.74125883    
             69.79280000                 -0.83325897                  0.63688584                 -0.55727511                  1.11455021                 69.75160000                 -0.55337042                  0.42295829                 -0.37008850                  0.74017700    
             70.13160000                  0.83369776                 -0.63722122                  0.55756857                 -1.11513714                 70.09020000                  0.55256281                 -0.42234100                  0.36954838                 -0.73909675    
             70.47040000                 -0.83413679                  0.63755678                 -0.55786218                  1.11572437                 70.42880000                 -0.55175637                  0.42172462                 -0.36900904                  0.73801808    
             70.80920000                  0.83457604                 -0.63789252                  0.55815595                 -1.11631191                 70.76740000                  0.55095111                 -0.42110913                  0.36847049                 -0.73694098    
             71.14800000                 -0.83501553                  0.63822843                 -0.55844988                  1.11689976                 71.10600000                 -0.55014703                  0.42049454                 -0.36793273                  0.73586545    
             71.48680000                  0.83545525                 -0.63856452                  0.55874396                 -1.11748791                 71.44460000                  0.54934412                 -0.41988085                  0.36739575                 -0.73479149    
             71.82560000                 -0.83589520                  0.63890079                 -0.55903819                  1.11807638                 71.78320000                 -0.54854238                  0.41926806                 -0.36685955                  0.73371910    
             72.16440000                  0.83633538                 -0.63923723                  0.55933258                 -1.11866516                 72.12180000                  0.54774181                 -0.41865616                  0.36632414                 -0.73264828    
             72.50320000                 -0.83677580                  0.63957386                 -0.55962712                  1.11925425                 72.46040000                 -0.54694241                  0.41804515                 -0.36578951                  0.73157902    
             72.84200000                  0.83721644                 -0.63991066                  0.55992182                 -1.11984365                 72.79900000                  0.54614417                 -0.41743504                  0.36525566                 -0.73051131    
             73.18080000                 -0.83765732                  0.64024763                 -0.56021668                  1.12043336                 73.13760000                 -0.54534710                  0.41682581                 -0.36472259                  0.72944517    
             73.51960000                  0.83809843                 -0.64058479                  0.56051169                 -1.12102338                 73.47620000                  0.54455120                 -0.41621748                  0.36419029                 -0.72838058    
             73.85840000                 -0.83853977                  0.64092212                 -0.56080685                  1.12161371                 73.81480000                 -0.54375645                  0.41561003                 -0.36365877                  0.72731755    
             74.19720000                  0.83898135                 -0.64125963                  0.56110217                 -1.12220435                 74.15340000                  0.54296287                 -0.41500347                  0.36312803                 -0.72625607    
             74.53600000                 -0.83942315                  0.64159731                 -0.56139765                  1.12279530                 74.49200000                 -0.54217044                  0.41439779                 -0.36259807                  0.72519613    
             74.87480000                  0.83986519                 -0.64193518                  0.56169328                 -1.12338656                 74.83060000                  0.54137917                 -0.41379300                  0.36206887                 -0.72413775    
             75.21360000                 -0.84030747                  0.64227322                 -0.56198907                  1.12397814                 75.16920000                 -0.54058906                  0.41318909                 -0.36154045                  0.72308091    
             75.55240000                  0.84074997                 -0.64261144                  0.56228501                 -1.12457002                 75.50780000                  0.53980010                 -0.41258606                  0.36101280                 -0.72202561    
             75.89120000                 -0.84119271                  0.64294984                 -0.56258111                  1.12516222                 75.84640000                 -0.53901229                  0.41198391                 -0.36048592                  0.72097185    
             76.23000000                  0.84163568                 -0.64328842                  0.56287737                 -1.12575473                 76.18500000                  0.53822563                 -0.41138264                  0.35995981                 -0.71991963    
             76.56880000                 -0.84207889                  0.64362717                 -0.56317378                  1.12634755                 76.52360000                 -0.53744011                  0.41078225                 -0.35943447                  0.71886894    
             76.90760000                  0.84252232                 -0.64396611                  0.56347034                 -1.12694069                 76.86220000                  0.53665575                 -0.41018274                  0.35890989                 -0.71781979    
             77.24640000                 -0.84296600                  0.64430522                 -0.56376707                  1.12753413                 77.20080000                 -0.53587253                  0.40958410                 -0.35838608                  0.71677217    
             77.58520000                  0.84340990                 -0.64464451                  0.56406395                 -1.12812789                 77.53940000                  0.53509045                 -0.40898633                  0.35786304                 -0.71572608    
             77.92400000                 -0.84385404                  0.64498398                 -0.56436098                  1.12872196                 77.87800000                 -0.53430951                  0.40838944                 -0.35734076                  0.71468151    
             78.26280000                  0.84429841                 -0.64532363                  0.56465817                 -1.12931635                 78.21660000                  0.53352971                 -0.40779341                  0.35681924                 -0.71363847    
             78.60160000                 -0.84474302                  0.64566345                 -0.56495552                  1.12991105                 78.55520000                 -0.53275106                  0.40719826                 -0.35629848                  0.71259695    
             78.94040000                  0.84518786                 -0.64600346                  0.56525303                 -1.13050606                 78.89380000                  0.53197353                 -0.40660397                  0.35577848                 -0.71155695    
             79.27920000                 -0.84563294                  0.64634365                 -0.56555069                  1.13110138                 79.23240000                 -0.53119714                  0.40601056                 -0.35525924                  0.71051847    
             79.61800000                  0.84607825                 -0.64668401                  0.56584851                 -1.13169702                 79.57100000                  0.53042189                 -0.40541801                  0.35474075                 -0.70948151    
             79.95680000                 -0.84652379                  0.64702455                 -0.56614648                  1.13229297                 79.90960000                 -0.52964777                  0.40482632                 -0.35422303                  0.70844606    
             80.29560000                  0.84696957                 -0.64736528                  0.56644462                 -1.13288923                 80.24820000                  0.52887477                 -0.40423550                  0.35370606                 -0.70741212    
             80.63440000                 -0.84741558                  0.64770618                 -0.56674291                  1.13348581                 80.58680000                 -0.52810291                  0.40364553                 -0.35318984                  0.70637969    
             80.97320000                  0.84786183                 -0.64804726                  0.56704135                 -1.13408271                 80.92540000                  0.52733217                 -0.40305644                  0.35267438                 -0.70534876    
             81.31200000                 -0.84830832                  0.64838852                 -0.56733996                  1.13467991                 81.26400000                 -0.52656256                  0.40246820                 -0.35215967                  0.70431934    
             81.65080000                  0.84875503                 -0.64872996                  0.56763872                 -1.13527743                 81.60260000                  0.52579406                 -0.40188081                  0.35164571                 -0.70329142    
             81.98960000                 -0.84920199                  0.64907158                 -0.56793764                  1.13587527                 81.94120000                 -0.52502670                  0.40129429                 -0.35113250                  0.70226501    
             82.32840000                  0.84964918                 -0.64941338                  0.56823671                 -1.13647342                 82.27980000                  0.52426045                 -0.40070862                  0.35062004                 -0.70124009    
             82.66720000                 -0.85009660                  0.64975536                 -0.56853594                  1.13707189                 82.61840000                 -0.52349532                  0.40012381                 -0.35010833                  0.70021666    
             83.00600000                  0.85054426                 -0.65009753                  0.56883533                 -1.13767067                 82.95700000                  0.52273130                 -0.39953985                  0.34959737                 -0.69919473    
             83.34480000                 -0.85099216                  0.65043987                 -0.56913488                  1.13826977                 83.29560000                 -0.52196840                  0.39895674                 -0.34908715                  0.69817429    
             83.68360000                  0.85144029                 -0.65078239                  0.56943459                 -1.13886918                 83.63420000                  0.52120662                 -0.39837448                  0.34857767                 -0.69715535    
             84.02240000                 -0.85188866                  0.65112509                 -0.56973445                  1.13946891                 83.97280000                 -0.52044594                  0.39779308                 -0.34806894                  0.69613788    
             84.36120000                  0.85233726                 -0.65146797                  0.57003448                 -1.14006895                 84.31140000                  0.51968638                 -0.39721252                  0.34756095                 -0.69512191    
             84.70000000                 -0.85278610                  0.65181103                 -0.57033465                  1.14066931                 84.65000000                 -0.51892792                  0.39663281                 -0.34705371                  0.69410741    
             85.03880000                  0.85323518                 -0.65215428                  0.57063499                 -1.14126999                 84.98860000                  0.51817057                 -0.39605394                  0.34654720                 -0.69309440    
             85.37760000                 -0.85368449                  0.65249770                 -0.57093549                  1.14187098                 85.32720000                 -0.51741433                  0.39547592                 -0.34604143                  0.69208286    
             85.71640000                  0.85413404                 -0.65284131                  0.57123614                 -1.14247229                 85.66580000                  0.51665919                 -0.39489875                  0.34553640                 -0.69107280    
             86.05520000                 -0.85458383                  0.65318509                 -0.57153696                  1.14307391                 86.00440000                 -0.51590515                  0.39432241                 -0.34503211                  0.69006422    
             86.39400000                  0.85503385                 -0.65352906                  0.57183793                 -1.14367585                 86.34300000                  0.51515222                 -0.39374692                  0.34452855                 -0.68905711    
             86.73280000                 -0.85548411                  0.65387321                 -0.57213906                  1.14427811                 86.68160000                 -0.51440038                  0.39317226                 -0.34402573                  0.68805146    
             87.07160000                  0.85593461                 -0.65421754                  0.57244034                 -1.14488069                 87.02020000                  0.51364964                 -0.39259845                  0.34352364                 -0.68704729    
             87.41040000                 -0.85638534                  0.65456205                 -0.57274179                  1.14548358                 87.35880000                 -0.51289999                  0.39202547                 -0.34302229                  0.68604458    
             87.74920000                  0.85683632                 -0.65490674                  0.57304340                 -1.14608679                 87.69740000                  0.51215144                 -0.39145333                  0.34252167                 -0.68504333    
             88.08800000                 -0.85728753                  0.65525161                 -0.57334516                  1.14669032                 88.03600000                 -0.51140398                  0.39088203                 -0.34202177                  0.68404355    
             88.42680000                  0.85773897                 -0.65559667                  0.57364708                 -1.14729417                 88.37460000                  0.51065762                 -0.39031155                  0.34152261                 -0.68304522    
             88.76560000                 -0.85819066                  0.65594190                 -0.57394917                  1.14789833                 88.71320000                 -0.50991234                  0.38974191                 -0.34102418                  0.68204835    
             89.10440000                  0.85864258                 -0.65628732                  0.57425141                 -1.14850282                 89.05180000                  0.50916815                 -0.38917311                  0.34052647                 -0.68105294    
             89.44320000                 -0.85909474                  0.65663292                 -0.57455381                  1.14910762                 89.39040000                 -0.50842504                  0.38860513                 -0.34002949                  0.68005897    
             89.78200000                  0.85954714                 -0.65697871                  0.57485637                 -1.14971274                 89.72900000                  0.50768302                 -0.38803798                  0.33953323                 -0.67906646    
             90.12080000                 -0.85999978                  0.65732467                 -0.57515909                  1.15031817                 90.06760000                 -0.50694209                  0.38747166                 -0.33903770                  0.67807540    
             90.45960000                  0.86045265                 -0.65767082                  0.57546197                 -1.15092393                 90.40620000                  0.50620223                 -0.38690616                  0.33854289                 -0.67708579    
             90.79840000                 -0.86090577                  0.65801715                 -0.57576500                  1.15153001                 90.74480000                 -0.50546345                  0.38634149                 -0.33804881                  0.67609761    
             91.13720000                  0.86135912                 -0.65836366                  0.57606820                 -1.15213640                 91.08340000                  0.50472576                 -0.38577765                  0.33755544                 -0.67511088    
             91.47600000                 -0.86181271                  0.65871035                 -0.57637156                  1.15274312                 91.42200000                 -0.50398914                  0.38521463                 -0.33706280                  0.67412560    
             91.81480000                  0.86226654                 -0.65905723                  0.57667507                 -1.15335015                 91.76060000                  0.50325359                 -0.38465242                  0.33657087                 -0.67314174    
             92.15360000                 -0.86272061                  0.65940429                 -0.57697875                  1.15395750                 92.09920000                 -0.50251912                  0.38409104                 -0.33607966                  0.67215933    
             92.49240000                  0.86317492                 -0.65975153                  0.57728259                 -1.15456518                 92.43780000                  0.50178572                 -0.38353048                  0.33558917                 -0.67117835    
             92.83120000                 -0.86362947                  0.66009895                 -0.57758658                  1.15517317                 92.77640000                 -0.50105339                  0.38297074                 -0.33509940                  0.67019880    
             93.17000000                  0.86408425                 -0.66044656                  0.57789074                 -1.15578148                 93.11500000                  0.50032212                 -0.38241181                  0.33461034                 -0.66922068    
             93.50880000                 -0.86453928                  0.66079435                 -0.57819506                  1.15639012                 93.45360000                 -0.49959193                  0.38185370                 -0.33412199                  0.66824398    
             93.84760000                  0.86499454                 -0.66114233                  0.57849954                 -1.15699907                 93.79220000                  0.49886280                 -0.38129641                  0.33363436                 -0.66726872    
             94.18640000                 -0.86545005                  0.66149048                 -0.57880417                  1.15760835                 94.13080000                 -0.49813474                  0.38073993                 -0.33314744                  0.66629487    
             94.52520000                  0.86590580                 -0.66183882                  0.57910897                 -1.15821794                 94.46940000                  0.49740774                 -0.38018426                  0.33266122                 -0.66532245    
             94.86400000                 -0.86636178                  0.66218735                 -0.57941393                  1.15882786                 94.80800000                 -0.49668179                  0.37962940                 -0.33217572                  0.66435144    
             95.20280000                  0.86681801                 -0.66253606                  0.57971905                 -1.15943810                 95.14660000                  0.49595691                 -0.37907535                  0.33169093                 -0.66338186    
             95.54160000                 -0.86727447                  0.66288495                 -0.58002433                  1.16004866                 95.48520000                 -0.49523309                  0.37852211                 -0.33120684                  0.66241369    
             95.88040000                  0.86773118                 -0.66323402                  0.58032977                 -1.16065954                 95.82380000                  0.49451032                 -0.37796967                  0.33072346                 -0.66144693    
             96.21920000                 -0.86818813                  0.66358328                 -0.58063537                  1.16127074                 96.16240000                 -0.49378861                  0.37741805                 -0.33024079                  0.66048158    
             96.55800000                  0.86864531                 -0.66393272                  0.58094113                 -1.16188227                 96.50100000                  0.49306795                 -0.37686722                  0.32975882                 -0.65951764    
             96.89680000                 -0.86910274                  0.66428235                 -0.58124706                  1.16249411                 96.83960000                 -0.49234834                  0.37631721                 -0.32927756                  0.65855511    
             97.23560000                  0.86956041                 -0.66463216                  0.58155314                 -1.16310628                 97.17820000                  0.49162979                 -0.37576799                  0.32879699                 -0.65759398    
             97.57440000                 -0.87001832                  0.66498216                 -0.58185939                  1.16371877                 97.51680000                 -0.49091228                  0.37521958                 -0.32831713                  0.65663426    
             97.91320000                  0.87047647                 -0.66533233                  0.58216579                 -1.16433159                 97.85540000                  0.49019582                 -0.37467196                  0.32783797                 -0.65567594    
             98.25200000                 -0.87093486                  0.66568270                 -0.58247236                  1.16494472                 98.19400000                 -0.48948040                  0.37412515                 -0.32735951                  0.65471901    
             98.59080000                  0.87139350                 -0.66603325                  0.58277909                 -1.16555818                 98.53260000                  0.48876603                 -0.37357913                  0.32688174                 -0.65376348    
             98.92960000                 -0.87185237                  0.66638398                 -0.58308598                  1.16617196                 98.87120000                 -0.48805270                  0.37303391                 -0.32640467                  0.65280935    
             99.26840000                  0.87231149                 -0.66673490                  0.58339303                 -1.16678607                 99.20980000                  0.48734042                 -0.37248949                  0.32592830                 -0.65185661    
             99.60720000                 -0.87277085                  0.66708600                 -0.58370025                  1.16740050                 99.54840000                 -0.48662917                  0.37194586                 -0.32545263                  0.65090526    
