    63    58
000000000000000000101101100000010000001101101000000000000000000
000000000000000000110101000110101011000101011000000000000000000
000000000000000000000100010010101010010001000000000000000000000
000000000000000000000100111000101000111001000000000000000000000
000000000000000000001101000001010100000101100000000000000000000
000000000000000000000001001101000101100100000000000000000000000
000000000000000000001100111001101100111001100000000000000000000
000000000000000011010110001101111101100011010110000000000000000
000000000000000011011000010000000000010000110110000000000000000
000000000000000000010011010100000001010110010000000000000000000
000000000000000011001110011011111110110011100110000000000000000
000000001100110101100011011111111111110110001101011001100000000
000001001000110110000100000000000000000001000011011000100100000
000010101000000100110101000000000000000101011001000000101010000
000100101100110011100110111111111111111011001110011001101001000
000101100001011000110111111111111111111111011000110100001101000
110110001101100001000000000000000000000000000100001101100011011
101000110101001101010000000000000000000000010101100101011000101
001011010100111001101111111111111111111111101100111001010110100
001010011110001101111111111111111111111111111101100011110010100
011001000000010000000000000000000000000000000000010000000100110
100101000011010100000000000000000000000000000001010110000101001
010100111110011011111111111111111111111111111110110011111001010
001011100111011111111111111111111111111111111111110111001110100
000010100100000000000000000000000000000000000000000001001010000
001010100101000000000000000000000000000000000000000101001010100
001100010110111111111111111111111111111111111111111011010001100
000000000111111111111111111111111111111111111111111111000000000
000000000000000000000000000000000000000000000000000000000000000
000000000000000000000000000000000000000000000000000000000000000
000000000111111111111111111111111111111111111111111111000000000
001100010110111111111111111111111111111111111111111011010001100
001010100101000000000000000000000000000000000000000101001010100
000010100100000000000000000000000000000000000000000001001010000
001011100111011111111111111111111111111111111111110111001110100
010100111110011011111111111111111111111111111110110011111001010
100101000011010100000000000000000000000000000001010110000101001
011001000000010000000000000000000000000000000000010000000100110
001010011110001101111111111111111111111111111101100011110010100
001011010100111001101111111111111111111111101100111001010110100
101000110101001101010000000000000000000000010101100101011000101
110110001101100001000000000000000000000000000100001101100011011
000101100001011000110111111111111111111111011000110100001101000
000100101100110011100110111111111111111011001110011001101001000
000010101000000100110101000000000000000101011001000000101010000
000001001000110110000100000000000000000001000011011000100100000
000000001100110101100011011111111111110110001101011001100000000
000000000000000011001110011011111110110011100110000000000000000
000000000000000000010011010100000001010110010000000000000000000
000000000000000011011000010000000000010000110110000000000000000
000000000000000011010110001101111101100011010110000000000000000
000000000000000000001100111001101100111001100000000000000000000
000000000000000000000001001101000101100100000000000000000000000
000000000000000000001101000001010100000101100000000000000000000
000000000000000000000100111000101000111001000000000000000000000
000000000000000000000100010010101010010001000000000000000000000
000000000000000000110101000110101011000101011000000000000000000
000000000000000000101101100000010000001101101000000000000000000
