    70    60
0000000000000000000000000000000000000000000000000000000000000000000000
0000000000000000001011011000000100000011011010000000000000000000000000
0000000000000000001101010001101010110001010110000000000000000000000000
0000000000000000000001000100101010100100010000000000000000000000000000
0000000000000000000001001110001010001110010000000000000000000000000000
0000000000000000000011010000010101000001011000000000000000000000000000
0000000000000000000000010011010001011001000000000000000000000000000000
0000000000000000000011001110011011001110011000000000000000000000000000
0000000000000000110101100011011111011000110101100000000000000000000000
0000000000000000110110000100000000000100001101100000000000000000000000
0000000000000000000100110101000000010101100100000000000000000000000000
0000000000000000110011100110111111101100111001100000000000000000000000
0000000011001101011000110111111111111101100011010110011000000000000000
0000010010001101100001000000000000000000010000110110001001000000000000
0000101010000001001101010000000000000001010110010000001010100000000000
0001001011001100111001101111111111111110110011100110011010010000000000
0001011000010110001101111111111111111111110110001101000011010000000000
1101100011011000010000000000000000000000000001000011011000110110000000
1010001101010011010100000000000000000000000101011001010110001010000000
0010110101001110011011111111111111111111111011001110010101101000000000
0010100111100011011111111111111111111111111111011000111100101000000000
0110010000000100000000000000000000000000000000000100000001001100000000
1001010000110101000000000000000000000000000000010101100001010010000000
0101001111100110111111111111111111111111111111101100111110010100000000
0010111001110111111111111111111111111111111111111101110011101000000000
0000101001000000000000000000000000000000000000000000010010100000000000
0010101001010000000000000000000000000000000000000001010010101000000000
0011000101101111111111111111111111111111111111111110110100011000000000
0000000001111111111111111111111111111111111111111111110000000000000000
0000000000000000000000000000000000000000000000000000000000000000000000
0000000000000000000000000000000000000000000000000000000000000000000000
0000000001111111111111111111111111111111111111111111110000000000000000
0011000101101111111111111111111111111111111111111110110100011000000000
0010101001010000000000000000000000000000000000000001010010101000000000
0000101001000000000000000000000000000000000000000000010010100000000000
0010111001110111111111111111111111111111111111111101110011101000000000
0101001111100110111111111111111111111111111111101100111110010100000000
1001010000110101000000000000000000000000000000010101100001010010000000
0110010000000100000000000000000000000000000000000100000001001100000000
0010100111100011011111111111111111111111111111011000111100101000000000
0010110101001110011011111111111111111111111011001110010101101000000000
1010001101010011010100000000000000000000000101011001010110001010000000
1101100011011000010000000000000000000000000001000011011000110110000000
0001011000010110001101111111111111111111110110001101000011010000000000
0001001011001100111001101111111111111110110011100110011010010000000000
0000101010000001001101010000000000000001010110010000001010100000000000
0000010010001101100001000000000000000000010000110110001001000000000000
0000000011001101011000110111111111111101100011010110011000000000000000
0000000000000000110011100110111111101100111001100000000000000000000000
0000000000000000000100110101000000010101100100000000000000000000000000
0000000000000000110110000100000000000100001101100000000000000000000000
0000000000000000110101100011011111011000110101100000000000000000000000
0000000000000000000011001110011011001110011000000000000000000000000000
0000000000000000000000010011010001011001000000000000000000000000000000
0000000000000000000011010000010101000001011000000000000000000000000000
0000000000000000000001001110001010001110010000000000000000000000000000
0000000000000000000001000100101010100100010000000000000000000000000000
0000000000000000001101010001101010110001010110000000000000000000000000
0000000000000000001011011000000100000011011010000000000000000000000000
0000000000000000000000000000000000000000000000000000000000000000000000
